6
5
0 0
0 100
100 200
200 400
300 300
4
1 5
1 4
2 3
3 2
3
2 1
4 3
9 2
10
1  3  
5  6  
9  14  
17  25  
26  27
1  2  
4  10  
20  23  
24  25  
26  29
20
78  27  
143  149  
110  4  
96  122  
40  131  
39  105  
150  101  
66  58  
99  144  
136  98  
129  102  
111  76  
42  47  
65  28  
9  12  
36  45  
38  73  
56  115  
64  82  
21  67
30
241  135  
181  481  
442  176  
226  246  
336  292  
367  422  
397  247  
281  406  
310  450  
183  295  
352  351  
212  227  
174  393  
483  365  
277  235  
210  155  
474  207  
473  104  
318  218  
305  239  
159  496  
157  167  
447  493  
308  485  
327  374  
463  400  
112  499  
455  379  
487  115  
222  142









